0      CPSS -2.275083   1.358705  ...    -0.896191  2.710235          2.6
1    PSA-PG  7.463926   2.893733  ...     0.421170  1.886854          0.8
2    PSA-PP  3.403057   4.585901  ...     0.917101  1.857435          0.1
3      CTRM -0.022580   0.246720  ...     0.632159  1.842362          0.9
4    PSA-PJ  3.403057   3.931888  ...     0.528885  1.654036          0.6
5    PSA-PN  2.519787   3.587511  ...     0.720248  1.649414          0.2
6    PSA-PS  2.519787   3.453047  ...     1.114101  1.635644          0.3
7    PSA-PQ  2.423325   3.467289  ...     1.060697  1.608896          1.2
8    PSA-PM  2.519787   3.290986  ...     0.719166  1.543892          0.4
9    PSA-PR  2.403237   3.405678  ...     1.177727  1.466351          0.5
10   PSA-PL  2.519787   3.032878  ...     0.573508  1.452797          0.7
11   PSA-PF  2.519787   2.880431  ...     0.426852  1.396232          1.1
12     SCPL  0.463049   0.225129  ...    -0.020386  0.988801          1.4
13  HLAG.DE  5.326552   0.467309  ...    -1.293537  0.907607          2.3
14      TOL -0.469907   0.004611  ...    -0.194268  0.723092          3.9
15      GSL -0.440450   1.630820  ...    -0.650993  0.703961          2.9
16   CPH.TO  3.083196   0.718237  ...    -0.709199  0.622643          2.4
17    MJS.V  0.316459   0.810627  ...     0.399157  0.556534          1.0
18     EPSN  2.670051  -0.044890  ...    -0.021686  0.502182          1.9
19   PXT.TO  3.271761   0.176149  ...     0.138418  0.493277          1.6
20  TRTN-PD  1.818709   1.288091  ...     0.331087  0.403026          3.2
21  TRTN-PE -1.407938   1.207524  ...     0.919213  0.380356          1.3
22     SEIC  4.667759  -0.559661  ...     0.218561  0.356215          3.8
23  DP4B.DE  2.827673   1.254718  ...    -0.711463  0.343223          1.8
24   YGR.TO -0.353825   1.050332  ...    -0.508469  0.265694          2.8
25      PBR  0.071725   0.252374  ...    -0.032689  0.210679          2.5
26     ARCH  1.287326  -0.571636  ...    -0.369172  0.196872          3.6
27  TRTN-PB -1.416607   1.019428  ...     0.279306  0.194897          1.7
28   IFP.TO  2.372985   0.521831  ...    -0.296158  0.181891          1.5
29     CVLG -1.214778  -0.505367  ...    -0.289901  0.165758          7.5
30  TRTN-PC -1.381532   1.143396  ...     0.344318  0.153604          2.2
31      SKY  2.618739  -0.488587  ...    -0.624854  0.145258          5.2
32     TMHC -0.485667   0.269384  ...    -0.357006  0.135005          3.1
33     UTMD  1.392957  -0.677411  ...     0.225298 -0.030137          5.4
34  TRTN-PA -1.381532   0.664957  ...     0.297416 -0.036017          2.7
35      EOG  0.296672  -0.552254  ...    -0.627522 -0.050855          5.3
36  IPCO.ST -0.014186  -0.509379  ...    -0.906860 -0.077150          2.6
37  IPCO.TO -0.014238  -0.523696  ...    -0.872243 -0.077715          3.3
38       NC  0.204324   0.260889  ...     0.071739 -0.110759          3.0
39     TGNA -0.540267  -0.095582  ...    -0.014351 -0.115254          4.6
40     FONR -0.245527  -0.173813  ...     0.341716 -0.123221          2.0
41     ITRN -0.295567  -0.624248  ...     0.261491 -0.133358          4.4
42  EQNR.OL -1.036269  -0.470348  ...    -0.120287 -0.136401          6.5
43      HZO  1.038388   0.187549  ...    -0.394124 -0.163064          4.3
44   WAF.DE  0.776929  -0.271517  ...     0.182382 -0.192296          4.7
45      UMC  0.299814  -0.312303  ...    -0.786951 -0.192662          3.7
46     TRTN -1.399273   0.079394  ...    -0.289847 -0.193216          4.5
47     CTSH  0.908800  -0.605782  ...     0.377323 -0.200112          4.9
48      WLK -0.361109  -0.208160  ...    -0.107114 -0.206659          5.0
49     DIOD  0.516599  -0.514940  ...    -0.283486 -0.221715          6.2
50        DOX  0.173567  -0.544140  ...     0.097999 -0.225765          6.8
51       ACLS  1.035136  -0.582339  ...    -0.839997 -0.240910          6.6
52    RROS.ST -0.206471  -0.096850  ...     0.222130 -0.243986          2.1
53     PSI.TO  1.037712  -0.660138  ...     0.151968 -0.251822          5.5
54       PERI -0.529821  -0.454502  ...    -0.852027 -0.284407          4.8
55      IFX.V  0.365367  -0.099292  ...    -0.118674 -0.292126          4.0
56  ASSA-B.ST -0.053121  -0.199835  ...     0.235907 -0.317576          5.6
57       PLAB -0.704299  -0.362519  ...    -0.105944 -0.325034          3.5
58     TFI.PA -1.291101  -0.247178  ...     0.292205 -0.347279          4.1
59     IMO.TO -0.895600  -0.554115  ...    -0.343257 -0.354143          5.6
60        RGP -0.109574  -0.422615  ...     0.228907 -0.369691          5.1
61        VSH -0.350925  -0.333013  ...     0.082293 -0.384780          6.1
62       ERIC -1.169335  -0.607772  ...     0.452450 -0.395913          7.8
63        VPG -1.036413  -0.612892  ...     0.089333 -0.409258          5.8
64     DNO.OL -1.796840  -1.084767  ...    -0.069596 -0.409994          3.4
65       CPHC  0.339174  -0.447839  ...    -0.224052 -0.412643          6.0
66       SNDR -0.254005  -0.449400  ...     0.190036 -0.413010          6.4
67   STE-R.ST -0.789077  -0.280251  ...     0.136006 -0.465373          5.9
68   STE-A.ST -0.789077  -0.320334  ...     0.196979 -0.476565          6.3
69     ENUA.F -0.789077  -0.331240  ...     0.240331 -0.477004          6.9
70     TTE.PA -1.736966  -0.495682  ...     0.166943 -0.490514          6.1
71      TTE.L -1.738841  -0.499602  ...     0.165143 -0.491922          7.0
72    TOTB.DE -1.736966  -0.497349  ...     0.158457 -0.493476          7.1
73      SU.TO -1.719586  -0.691517  ...     0.122839 -0.512170          7.3
74        CVX -1.281437  -0.666022  ...    -0.033974 -0.545455          8.4
75    OKEA.OL -2.520346  -1.763179  ...    -0.546210 -0.554263          5.7
76        XOM -1.227805  -0.708878  ...    -0.061823 -0.559490          9.0
77    ERCB.DE -1.137871  -0.609320  ...     0.529499 -0.579682          7.7
78    ERCG.DE -1.137871  -0.628954  ...     0.457994 -0.596887          8.2
79  ERIC-A.ST -1.137871  -0.627380  ...     0.457377 -0.603448          7.9
80  ERIC-B.ST -1.169335  -0.611833  ...     0.504924 -0.616106          8.1
81       TSEM -0.602032  -0.663772  ...    -0.308033 -0.626175          8.0
82       CMRE -0.843451   0.367148  ...    -0.288033 -0.761889          4.2
83    FLNG.OL -1.629804  -0.361253  ...    -0.591369 -0.765858          6.1
84    LUMI.ST -1.059002  -0.528839  ...    -0.126607 -0.768672          7.2
85     LUN.TO -1.103760  -0.542970  ...    -0.086569 -0.780109          7.6
86        GNK -2.181070  -1.835162  ...    -0.462960 -0.796543          6.4
87        MOV -1.701081  -1.375594  ...    -0.038670 -0.815868          7.4
88  TECK-A.TO -2.079673  -0.752953  ...    -0.205460 -0.825288          8.3
89        NOK -2.085914  -0.748662  ...     0.327661 -0.857552          8.8
90        TGH -1.966189   0.035378  ...    -0.616215 -0.941700          8.6
91   NOKIA.PA -2.232769  -0.803224  ...     0.308652 -0.964260          8.7
92    NOA3.DE -2.232769  -0.800699  ...     0.304420 -0.964588          8.9
93     KEL.TO -2.438354  -2.762689  ...    -0.301299 -1.348378          8.5
94         SD -6.655126 -14.393902  ...    -1.199967 -2.716563          6.7